id,mean_acc_[Hoeffding_Tree_Classifier],current_acc_[Hoeffding_Tree_Classifier],mean_acc_[SAM_KNN_Classifier],current_acc_[SAM_KNN_Classifier],mean_acc_[Hoeffding_Adaptive_Tree_Classifier],current_acc_[Hoeffding_Adaptive_Tree_Classifier],mean_acc_[Accuracy_Weighted_Ensemble_Classifier],current_acc_[Accuracy_Weighted_Ensemble_Classifier],mean_acc_[Adaptive_Random_Forest_Classifier],current_acc_[Adaptive_Random_Forest_Classifier]
1000,0.000000,0.000000,0.000000,0.000000,0.000000,0.000000,0.000000,0.000000,0.000000,0.000000
1999,0.371000,0.371000,0.461000,0.461000,0.459000,0.459000,0.523000,0.523000,0.494000,0.494000
2999,0.386500,0.402000,0.479000,0.497000,0.488000,0.517000,0.548500,0.574000,0.545500,0.597000
3999,0.395000,0.412000,0.502667,0.550000,0.509333,0.552000,0.559333,0.581000,0.559333,0.587000
4999,0.403000,0.427000,0.512250,0.541000,0.508500,0.506000,0.561750,0.569000,0.573250,0.615000
5999,0.413800,0.457000,0.520400,0.553000,0.511000,0.521000,0.558400,0.545000,0.575200,0.583000
6999,0.423667,0.473000,0.518833,0.511000,0.503000,0.463000,0.549000,0.502000,0.568667,0.536000
7999,0.437143,0.518000,0.519286,0.522000,0.494429,0.443000,0.548857,0.548000,0.567714,0.562000
8999,0.445125,0.501000,0.520500,0.529000,0.487875,0.442000,0.551500,0.570000,0.574625,0.623000
9999,0.453111,0.517000,0.521556,0.530000,0.481889,0.434000,0.549778,0.536000,0.576889,0.595000
10999,0.461200,0.534000,0.527400,0.580000,0.479300,0.456000,0.553500,0.587000,0.581500,0.623000
11999,0.466909,0.524000,0.530636,0.563000,0.476273,0.446000,0.551636,0.533000,0.583909,0.608000
12999,0.473417,0.545000,0.531250,0.538000,0.470333,0.405000,0.548667,0.516000,0.584083,0.586000
13999,0.481000,0.572000,0.537769,0.616000,0.468615,0.448000,0.550385,0.571000,0.587462,0.628000
14999,0.489214,0.596000,0.541643,0.592000,0.466214,0.435000,0.552357,0.578000,0.588500,0.602000
15999,0.491200,0.519000,0.541867,0.545000,0.470000,0.523000,0.553267,0.566000,0.588933,0.595000
16999,0.492563,0.513000,0.543063,0.561000,0.476875,0.580000,0.556187,0.600000,0.590000,0.606000
17999,0.496176,0.554000,0.547294,0.615000,0.484235,0.602000,0.558353,0.593000,0.591706,0.619000
18999,0.499111,0.549000,0.550778,0.610000,0.489778,0.584000,0.561222,0.610000,0.594389,0.640000
19999,0.502316,0.560000,0.554632,0.624000,0.495053,0.590000,0.563789,0.610000,0.596421,0.633000
20999,0.505400,0.564000,0.557900,0.620000,0.498350,0.561000,0.565800,0.604000,0.598350,0.635000
21999,0.507905,0.558000,0.560190,0.606000,0.500143,0.536000,0.567571,0.603000,0.600810,0.650000
22999,0.510091,0.556000,0.564318,0.651000,0.503500,0.574000,0.570500,0.632000,0.604182,0.675000
23999,0.512348,0.562000,0.566391,0.612000,0.505826,0.557000,0.572304,0.612000,0.607217,0.674000
24999,0.514042,0.553000,0.567750,0.599000,0.508167,0.562000,0.572708,0.582000,0.607792,0.621000
25999,0.515640,0.554000,0.568800,0.594000,0.509400,0.539000,0.573000,0.580000,0.609480,0.650000
26999,0.517000,0.551000,0.571154,0.630000,0.511423,0.562000,0.573000,0.573000,0.611423,0.660000
27999,0.518370,0.554000,0.572407,0.605000,0.512778,0.548000,0.573593,0.589000,0.611667,0.618000
28999,0.519571,0.552000,0.574893,0.642000,0.514429,0.559000,0.574214,0.591000,0.613607,0.666000
29999,0.521517,0.576000,0.575310,0.587000,0.515241,0.538000,0.575069,0.599000,0.615379,0.665000
30999,0.522067,0.538000,0.576467,0.610000,0.515867,0.534000,0.575133,0.577000,0.616600,0.652000
31999,0.523323,0.561000,0.577581,0.611000,0.517000,0.551000,0.576387,0.614000,0.618645,0.680000
32999,0.524656,0.566000,0.578219,0.598000,0.518250,0.557000,0.576625,0.584000,0.619812,0.656000
33999,0.525606,0.556000,0.579303,0.614000,0.519364,0.555000,0.576939,0.587000,0.621667,0.681000
34999,0.526853,0.568000,0.579735,0.594000,0.521029,0.576000,0.577353,0.591000,0.622824,0.661000
35999,0.527629,0.554000,0.580857,0.619000,0.522057,0.557000,0.577657,0.588000,0.624057,0.666000
36999,0.528417,0.556000,0.581750,0.613000,0.522833,0.550000,0.577472,0.571000,0.625111,0.662000
37999,0.529622,0.573000,0.582162,0.597000,0.524216,0.574000,0.578189,0.604000,0.626027,0.659000
38999,0.529947,0.542000,0.582289,0.587000,0.524500,0.535000,0.578132,0.576000,0.626395,0.640000
39999,0.529821,0.525000,0.583590,0.633000,0.524538,0.526000,0.578590,0.596000,0.627308,0.662000
40999,0.529675,0.524000,0.584250,0.610000,0.524850,0.537000,0.579850,0.629000,0.628200,0.663000
41999,0.530122,0.548000,0.586195,0.664000,0.525951,0.570000,0.581561,0.650000,0.630024,0.703000
42999,0.530381,0.541000,0.588024,0.663000,0.526405,0.545000,0.582952,0.640000,0.631690,0.700000
43999,0.530767,0.547000,0.589977,0.672000,0.527186,0.560000,0.584953,0.669000,0.633279,0.700000
44999,0.531455,0.561000,0.592000,0.679000,0.528045,0.565000,0.586932,0.672000,0.635068,0.712000
45999,0.531733,0.544000,0.593933,0.679000,0.528711,0.558000,0.588756,0.669000,0.636933,0.719000
46999,0.532239,0.555000,0.595804,0.680000,0.529522,0.566000,0.590413,0.665000,0.638543,0.711000
47999,0.532511,0.545000,0.597255,0.664000,0.530681,0.584000,0.591532,0.643000,0.639532,0.685000
48999,0.533021,0.557000,0.599042,0.683000,0.532167,0.602000,0.592458,0.636000,0.641292,0.724000
49999,0.534082,0.585000,0.601041,0.697000,0.533980,0.621000,0.593857,0.661000,0.643204,0.735000
50999,0.535680,0.614000,0.602720,0.685000,0.535660,0.618000,0.595080,0.655000,0.644880,0.727000
51999,0.535941,0.549000,0.603373,0.636000,0.536294,0.568000,0.595314,0.607000,0.645314,0.667000
52999,0.537365,0.610000,0.604442,0.659000,0.536327,0.538000,0.595442,0.602000,0.646135,0.688000
53999,0.538698,0.608000,0.605717,0.672000,0.537264,0.586000,0.596245,0.638000,0.646943,0.689000
54999,0.540019,0.610000,0.606778,0.663000,0.538019,0.578000,0.596426,0.606000,0.647907,0.699000
55999,0.540509,0.567000,0.607073,0.623000,0.538109,0.543000,0.596200,0.584000,0.647982,0.652000
56999,0.541214,0.580000,0.607929,0.655000,0.538446,0.557000,0.596375,0.606000,0.648500,0.677000
57017,0.541219,0.579000,0.607947,0.657000,0.538434,0.555000,0.596398,0.608000,0.648542,0.681000